20020000
00020840
00020842
00020843
2002ffff
00020840
00020842
00020843
20020000
00020800
00020802
00020803
2002ffff
00020800
00020802
00020803
3c025555
20025555
00020940
00020942
00020803
3c025555
20025555
00020900
00020902
00020903
20020000
20030001
00620806
00620807
2002ffff
20030001
00620806
00620807
20020000
20030000
00620806
00620807
2002ffff
20030000
00620806
00620807
3c025555
20025555
20030005
00620806
00620807
3c025555
20025555
20030004
00620806
00620807
